##BLOCKS= 1          
Plate:	Plate#1	1.3	PlateFormat	Kinetic	Absorbance	Raw	FALSE	31	3600	120				1	450	1	12	96	1	8	None	
Time(hh:mm:ss)	Temperature(¡C)	1	2	3	4	5	6	7	8	9	10	11	12		
0:00	37.00	1.1616	1.1523	1.1204	0.5917	0.5903	0.5775	0.3151	0.322	0.3154	0.1918	0.1921	0.1913		
		0.3115	0.2562	0.2593	0.1281	0.1307	0.1295	0.1287	0.1277	0.122	0.1334	0.1303	0.1297		
		0.2913	0.2795	0.2852	0.1608	0.1647	0.1704	0.1702	0.1633	0.1695	0.1767	0.1748	0.1799		
		0.3129	0.3047	0.3081	0.1671	0.1719	0.1716	0.1739	0.1781	0.1742	0.1894	0.1849	0.1854		
		0.2028	0.1922	0.199	0.1549	0.1527	0.1496	0.1468	0.1462	0.1449	0.1385	0.1414	0.1479		
		0.0484	0.0493	0.0502	0.0498	0.0495	0.0498	0.0492	0.0492	0.0494	0.0503	0.0492	0.0491		
		0.0482	0.05	0.0503	0.0495	0.0493	0.0495	0.0495	0.0492	0.0492	0.0495	0.0515	0.0495		
		0.0468	0.0495	0.0492	0.0491	0.0491	0.0501	0.0495	0.0492	0.0507	0.0497	0.0494	0.0489		
		
2:00	37.00	1.1854	1.1761	1.145	0.604	0.6019	0.5879	0.3195	0.3279	0.3213	0.1939	0.1943	0.1935		
		0.3219	0.2636	0.2666	0.1317	0.1359	0.1331	0.1307	0.1314	0.1278	0.1371	0.1352	0.1327		
		0.3007	0.2885	0.292	0.1637	0.1665	0.1743	0.1734	0.1689	0.1743	0.1839	0.1754	0.1822		
		0.3228	0.3131	0.3159	0.1691	0.1755	0.1748	0.176	0.1828	0.1774	0.1927	0.1893	0.1885		
		0.2092	0.1983	0.2042	0.1593	0.1547	0.1535	0.1477	0.146	0.1454	0.1417	0.1432	0.1465		
		0.0483	0.0493	0.0501	0.0498	0.0494	0.0497	0.0492	0.0492	0.0494	0.0503	0.0492	0.0491		
		0.0482	0.05	0.0503	0.0495	0.0493	0.0495	0.0495	0.0492	0.0491	0.0495	0.0517	0.0495		
		0.0468	0.0495	0.0492	0.049	0.0491	0.0501	0.0494	0.0491	0.0506	0.0496	0.0494	0.0488		
		
4:00	37.00	1.2067	1.1966	1.1663	0.6142	0.6123	0.5988	0.3238	0.3339	0.3261	0.1973	0.1975	0.1962		
		0.3323	0.2719	0.2756	0.1346	0.1387	0.1361	0.1361	0.1365	0.1348	0.1414	0.1385	0.1362		
		0.3106	0.2977	0.2999	0.1671	0.1679	0.179	0.1763	0.1707	0.1776	0.1861	0.1851	0.1892		
		0.3323	0.3228	0.3246	0.1726	0.1782	0.1772	0.18	0.1846	0.1811	0.1944	0.193	0.1928		
		0.2142	0.2026	0.2091	0.1615	0.1568	0.1558	0.1477	0.1483	0.1464	0.142	0.1436	0.1473		
		0.0484	0.0493	0.0501	0.0498	0.0495	0.0497	0.0492	0.0492	0.0494	0.0504	0.0493	0.0491		
		0.0482	0.05	0.0503	0.0494	0.0493	0.0495	0.0495	0.0492	0.0492	0.0495	0.0517	0.0494		
		0.0468	0.0494	0.0492	0.0491	0.049	0.0501	0.0494	0.0491	0.0506	0.0496	0.0493	0.0488		
		
6:00	37.00	1.2271	1.2168	1.185	0.6244	0.6216	0.6078	0.3284	0.3389	0.3319	0.1988	0.1991	0.1982		
		0.3418	0.2819	0.2844	0.1384	0.1428	0.1404	0.1404	0.1414	0.138	0.147	0.1431	0.1405		
		0.3195	0.304	0.3071	0.1684	0.1712	0.1807	0.1805	0.1749	0.1784	0.1912	0.1905	0.1912		
		0.3409	0.3301	0.3337	0.1737	0.1823	0.1799	0.1828	0.1877	0.1829	0.1985	0.1992	0.197		
		0.2186	0.2087	0.2138	0.1623	0.1607	0.1577	0.1501	0.1494	0.1486	0.1435	0.1451	0.1489		
		0.0484	0.0493	0.0502	0.0497	0.0495	0.0498	0.0492	0.0492	0.0494	0.0503	0.0492	0.0491		
		0.0482	0.0499	0.0503	0.0495	0.0493	0.0495	0.0494	0.0492	0.0491	0.0495	0.0515	0.0495		
		0.0468	0.0494	0.0492	0.049	0.049	0.05	0.0494	0.0491	0.0506	0.0496	0.0493	0.0488		
		
8:00	37.00	1.2455	1.2355	1.2036	0.6335	0.6319	0.6171	0.3337	0.3465	0.3367	0.2011	0.2014	0.2006		
		0.3518	0.2904	0.2937	0.1418	0.1478	0.1441	0.1471	0.1453	0.1446	0.1496	0.1477	0.1455		
		0.3285	0.3124	0.3142	0.1726	0.1744	0.1824	0.1839	0.1773	0.1842	0.1937	0.195	0.1939		
		0.3503	0.3388	0.3414	0.1775	0.1847	0.1822	0.1869	0.1906	0.1855	0.2024	0.2054	0.202		
		0.2241	0.2135	0.2189	0.1655	0.1615	0.1607	0.1511	0.1512	0.1508	0.1444	0.1466	0.1496		
		0.0483	0.0493	0.0502	0.0498	0.0495	0.0497	0.0492	0.0492	0.0494	0.0503	0.0492	0.0491		
		0.0482	0.0499	0.0503	0.0494	0.0492	0.0495	0.0494	0.0492	0.0491	0.0495	0.0512	0.0495		
		0.0468	0.0495	0.0492	0.049	0.049	0.05	0.0494	0.0492	0.0506	0.0496	0.0493	0.0488		
		
10:00	37.00	1.2627	1.2531	1.2207	0.6429	0.6418	0.6263	0.3381	0.3476	0.3413	0.2033	0.2037	0.2029		
		0.3627	0.2987	0.3023	0.1458	0.1527	0.1486	0.1519	0.1495	0.1485	0.1546	0.1516	0.1508		
		0.3353	0.3212	0.3231	0.1747	0.1774	0.1865	0.19	0.1828	0.1861	0.2007	0.199	0.1966		
		0.3601	0.3479	0.3508	0.1796	0.1877	0.1851	0.1906	0.1941	0.1876	0.2085	0.2062	0.2052		
		0.2281	0.2185	0.2226	0.1674	0.1637	0.1641	0.1532	0.1537	0.152	0.1454	0.1487	0.1492		
		0.0483	0.0492	0.0501	0.0497	0.0494	0.0497	0.0492	0.0491	0.0493	0.0503	0.0491	0.0491		
		0.0482	0.0499	0.0503	0.0494	0.0492	0.0495	0.0495	0.0492	0.0491	0.0495	0.0514	0.0494		
		0.0468	0.0494	0.0492	0.049	0.049	0.0501	0.0493	0.0491	0.0506	0.0496	0.0493	0.0488		
		
12:00	37.00	1.2782	1.2689	1.2375	0.6516	0.6492	0.6346	0.3425	0.3523	0.3463	0.2059	0.2057	0.2053		
		0.3729	0.308	0.3119	0.1495	0.1552	0.1516	0.1563	0.1532	0.1546	0.1596	0.156	0.154		
		0.3444	0.329	0.3316	0.1786	0.1802	0.1892	0.1931	0.1848	0.1898	0.2073	0.2056	0.1995		
		0.3679	0.3566	0.3595	0.1824	0.1903	0.1879	0.1937	0.1982	0.1916	0.2112	0.2088	0.2073		
		0.233	0.2231	0.2284	0.1686	0.1658	0.1655	0.1539	0.155	0.1549	0.1471	0.149	0.1515		
		0.0483	0.0492	0.0501	0.0497	0.0494	0.0497	0.0491	0.0492	0.0494	0.0503	0.0492	0.0491		
		0.0482	0.0499	0.0503	0.0494	0.0492	0.0495	0.0495	0.0491	0.0491	0.0495	0.0514	0.0494		
		0.0468	0.0495	0.0493	0.049	0.049	0.0501	0.0494	0.0491	0.0506	0.0496	0.0493	0.0488		
		
14:00	37.00	1.2927	1.2832	1.2515	0.6604	0.6582	0.6428	0.3467	0.3566	0.3489	0.2081	0.2079	0.207		
		0.3824	0.3171	0.3212	0.1528	0.1617	0.1558	0.1614	0.1583	0.1601	0.164	0.1606	0.1576		
		0.3527	0.3384	0.3397	0.1811	0.183	0.192	0.1995	0.1918	0.1918	0.2094	0.2106	0.2029		
		0.3768	0.3655	0.3679	0.1854	0.1932	0.1914	0.196	0.2017	0.1951	0.2157	0.2132	0.212		
		0.2377	0.228	0.233	0.1714	0.168	0.1688	0.1551	0.1553	0.156	0.1493	0.1514	0.1516		
		0.0484	0.0492	0.0501	0.0497	0.0495	0.0498	0.0492	0.0492	0.0494	0.0502	0.0492	0.049		
		0.0482	0.05	0.0503	0.0494	0.0493	0.0495	0.0495	0.0492	0.0491	0.0495	0.0514	0.0494		
		0.0468	0.0495	0.0492	0.049	0.049	0.0501	0.0494	0.0491	0.0506	0.0496	0.0493	0.0488		
		
16:00	37.00	1.3053	1.2969	1.2663	0.6682	0.6663	0.6508	0.3503	0.3604	0.353	0.2098	0.2103	0.2088		
		0.3937	0.3263	0.3298	0.1571	0.1646	0.1597	0.1649	0.1625	0.1668	0.17	0.1662	0.1624		
		0.3613	0.3462	0.348	0.1845	0.1856	0.1958	0.2061	0.1952	0.1967	0.2132	0.2137	0.2055		
		0.3862	0.3737	0.3779	0.1874	0.1966	0.1935	0.2034	0.205	0.1985	0.2193	0.2173	0.217		
		0.242	0.2338	0.2365	0.1725	0.1718	0.1702	0.1569	0.1577	0.1589	0.1513	0.151	0.1532		
		0.0483	0.0493	0.0501	0.0498	0.0494	0.0498	0.0492	0.0492	0.0494	0.0503	0.0492	0.0491		
		0.0482	0.05	0.0502	0.0494	0.0493	0.0495	0.0495	0.0492	0.0491	0.0495	0.0514	0.0494		
		0.0468	0.0494	0.0492	0.049	0.0489	0.0501	0.0493	0.0491	0.0506	0.0496	0.0493	0.0488		
		
18:00	37.00	1.3172	1.3089	1.2786	0.6765	0.6748	0.6585	0.3544	0.3649	0.3571	0.2126	0.2123	0.2111		
		0.404	0.3351	0.34	0.1601	0.1707	0.1645	0.17	0.1697	0.1718	0.175	0.1694	0.1669		
		0.3703	0.3555	0.357	0.1874	0.1872	0.199	0.2095	0.203	0.2006	0.2174	0.2185	0.2081		
		0.3947	0.3826	0.3854	0.1912	0.1997	0.197	0.207	0.2083	0.2011	0.2253	0.2225	0.2216		
		0.2467	0.2384	0.2407	0.175	0.1707	0.1723	0.1591	0.1588	0.1592	0.1519	0.152	0.1546		
		0.0484	0.0493	0.0502	0.0498	0.0494	0.0498	0.0492	0.0492	0.0494	0.0503	0.0492	0.0491		
		0.0482	0.05	0.0503	0.0494	0.0492	0.0495	0.0495	0.0492	0.0491	0.0495	0.0514	0.0495		
		0.0468	0.0494	0.0492	0.049	0.049	0.0501	0.0493	0.0491	0.0506	0.0496	0.0493	0.0488		
		
20:00	37.00	1.3262	1.3187	1.2906	0.6835	0.6806	0.6653	0.3579	0.3682	0.3604	0.2139	0.2143	0.213		
		0.414	0.3436	0.3488	0.1647	0.1723	0.1689	0.1757	0.1743	0.1753	0.1814	0.175	0.1717		
		0.3771	0.363	0.3645	0.1903	0.1896	0.2016	0.2049	0.2096	0.2042	0.2227	0.222	0.2121		
		0.4046	0.3894	0.3943	0.1936	0.2016	0.1982	0.212	0.2101	0.2063	0.2277	0.2265	0.2245		
		0.2506	0.2413	0.2448	0.1745	0.1705	0.1743	0.1599	0.1604	0.1615	0.1545	0.1538	0.1553		
		0.0484	0.0493	0.0501	0.0498	0.0495	0.0497	0.0492	0.0492	0.0494	0.0503	0.0492	0.0491		
		0.0482	0.05	0.0503	0.0494	0.0492	0.0495	0.0495	0.0492	0.0491	0.0495	0.0514	0.0495		
		0.0468	0.0495	0.0493	0.049	0.0491	0.05	0.0494	0.0491	0.0506	0.0496	0.0494	0.0488		
		
22:00	37.00	1.3339	1.3276	1.3005	0.6908	0.6878	0.6722	0.3612	0.3715	0.364	0.216	0.2163	0.2171		
		0.4245	0.352	0.3592	0.1685	0.1783	0.1727	0.1805	0.1774	0.1811	0.1854	0.18	0.1759		
		0.3849	0.3709	0.3725	0.194	0.194	0.2047	0.2043	0.2151	0.2072	0.2263	0.2284	0.2151		
		0.4134	0.3981	0.4038	0.1981	0.2063	0.2032	0.2094	0.2143	0.2088	0.2333	0.2305	0.2296		
		0.2558	0.2458	0.2496	0.1782	0.1706	0.1754	0.1622	0.1616	0.1626	0.1557	0.1556	0.1565		
		0.0484	0.0493	0.0501	0.0497	0.0494	0.0497	0.0492	0.0492	0.0494	0.0503	0.0492	0.0491		
		0.0482	0.05	0.0503	0.0495	0.0493	0.0495	0.0495	0.0492	0.0491	0.0495	0.0514	0.0494		
		0.0468	0.0495	0.0492	0.049	0.0491	0.0501	0.0494	0.0491	0.0506	0.0496	0.0493	0.0488		
		
24:00	37.00	1.3386	1.3346	1.31	0.6982	0.6942	0.6789	0.3641	0.3749	0.368	0.2176	0.2178	0.2165		
		0.4338	0.3609	0.3677	0.1726	0.1812	0.1763	0.1869	0.1816	0.1859	0.1904	0.1855	0.1807		
		0.3933	0.3789	0.3812	0.1977	0.1955	0.2087	0.2085	0.2122	0.2171	0.2319	0.2349	0.2192		
		0.4221	0.4058	0.412	0.2014	0.2068	0.2047	0.2126	0.2184	0.2128	0.2367	0.2348	0.2319		
		0.258	0.2493	0.2539	0.1789	0.1725	0.1775	0.163	0.1628	0.1649	0.1573	0.1561	0.158		
		0.0484	0.0492	0.0502	0.0498	0.0495	0.0498	0.0492	0.0492	0.0494	0.0503	0.0492	0.0491		
		0.0482	0.0499	0.0503	0.0494	0.0493	0.0496	0.0495	0.0492	0.0491	0.0495	0.0514	0.0495		
		0.0467	0.0495	0.0492	0.049	0.049	0.05	0.0494	0.0491	0.0506	0.0496	0.0494	0.0488		
		
26:00	37.00	1.3406	1.3385	1.3175	0.7038	0.7009	0.6845	0.3673	0.3786	0.3706	0.2195	0.2197	0.218		
		0.4448	0.3695	0.3773	0.176	0.1878	0.1816	0.1908	0.1856	0.1905	0.195	0.1901	0.185		
		0.4004	0.387	0.3891	0.2001	0.2	0.2109	0.2104	0.2122	0.2195	0.2321	0.2411	0.2226		
		0.4293	0.4127	0.4206	0.2047	0.2118	0.2092	0.2149	0.2213	0.2162	0.2416	0.2391	0.2369		
		0.2624	0.2539	0.2578	0.18	0.1729	0.1783	0.1649	0.1653	0.1659	0.1582	0.1574	0.1587		
		0.0484	0.0493	0.0502	0.0498	0.0495	0.0498	0.0492	0.0492	0.0494	0.0503	0.0492	0.0491		
		0.0482	0.0499	0.0503	0.0494	0.0493	0.0495	0.0495	0.0492	0.0492	0.0495	0.0515	0.0494		
		0.0469	0.0495	0.0492	0.049	0.0491	0.0501	0.0494	0.0491	0.0506	0.0496	0.0494	0.0488		
		
28:00	37.00	1.3405	1.3393	1.3243	0.711	0.7066	0.6899	0.3704	0.3826	0.3739	0.221	0.2215	0.2198		
		0.4544	0.3787	0.3855	0.1805	0.1904	0.185	0.1954	0.191	0.2048	0.2007	0.195	0.1899		
		0.4091	0.3948	0.3966	0.2047	0.2021	0.2162	0.2124	0.2122	0.2179	0.2373	0.248	0.2259		
		0.4372	0.422	0.4277	0.207	0.2134	0.2126	0.2186	0.2246	0.2194	0.2453	0.2444	0.2416		
		0.2657	0.2569	0.2609	0.1796	0.175	0.1809	0.1655	0.1681	0.1679	0.1596	0.1586	0.16		
		0.0484	0.0493	0.0501	0.0497	0.0494	0.0498	0.0492	0.0492	0.0494	0.0502	0.0492	0.049		
		0.0482	0.05	0.0503	0.0494	0.0492	0.0495	0.0495	0.0492	0.0491	0.0495	0.0513	0.0494		
		0.0468	0.0495	0.0493	0.049	0.0491	0.05	0.0494	0.0491	0.0506	0.0496	0.0494	0.0488		
		
30:00	37.00	1.3416	1.3401	1.3295	0.7158	0.7126	0.6959	0.3741	0.3844	0.3764	0.2227	0.2248	0.2214		
		0.4638	0.3882	0.3949	0.1838	0.1974	0.1901	0.2009	0.195	0.2023	0.2059	0.1998	0.1945		
		0.418	0.403	0.4051	0.2055	0.2049	0.2184	0.2157	0.2139	0.2163	0.2413	0.2471	0.2294		
		0.4444	0.4269	0.4358	0.2114	0.2169	0.2158	0.2212	0.2282	0.2233	0.2494	0.249	0.2438		
		0.2693	0.2617	0.2651	0.1811	0.1774	0.1821	0.1669	0.1678	0.1685	0.1614	0.1595	0.1605		
		0.0484	0.0493	0.0501	0.0498	0.0494	0.0497	0.0492	0.0492	0.0494	0.0503	0.0492	0.049		
		0.0482	0.0499	0.0503	0.0494	0.0492	0.0495	0.0495	0.0492	0.0491	0.0495	0.0515	0.0494		
		0.0468	0.0495	0.0492	0.049	0.0491	0.0501	0.0494	0.0492	0.0507	0.0496	0.0494	0.0488		
		
32:00	37.00	1.3414	1.3395	1.3332	0.7211	0.717	0.7005	0.376	0.3873	0.3786	0.224	0.2239	0.2226		
		0.4742	0.3966	0.4054	0.1879	0.1987	0.1946	0.2054	0.1989	0.2068	0.2118	0.2053	0.1995		
		0.4254	0.4086	0.4131	0.2109	0.2079	0.2215	0.2178	0.2191	0.2148	0.2445	0.2506	0.2328		
		0.4522	0.4385	0.4446	0.2146	0.2194	0.2193	0.2247	0.2325	0.2278	0.2538	0.2532	0.2484		
		0.2728	0.2652	0.2674	0.1823	0.1777	0.188	0.1686	0.1699	0.1714	0.1623	0.1612	0.1615		
		0.0484	0.0493	0.0502	0.0498	0.0495	0.0498	0.0492	0.0492	0.0494	0.0503	0.0492	0.0491		
		0.0482	0.05	0.0503	0.0495	0.0493	0.0496	0.0495	0.0492	0.0491	0.0496	0.0515	0.0494		
		0.0468	0.0495	0.0492	0.049	0.049	0.0501	0.0494	0.0491	0.0506	0.0496	0.0494	0.0488		
		
34:00	37.00	1.3417	1.3399	1.3339	0.7259	0.723	0.7054	0.3782	0.3896	0.3815	0.2251	0.2256	0.2241		
		0.4836	0.4053	0.4149	0.1914	0.2048	0.1987	0.2102	0.2032	0.2128	0.2164	0.2098	0.2047		
		0.4325	0.4181	0.4215	0.2169	0.2114	0.2245	0.2231	0.2289	0.2169	0.2494	0.2567	0.2351		
		0.46	0.4436	0.4527	0.2148	0.2242	0.2196	0.2269	0.2352	0.23	0.2566	0.2581	0.2531		
		0.2769	0.2699	0.2703	0.1839	0.1802	0.1864	0.1704	0.1709	0.1729	0.1649	0.1624	0.1619		
		0.0484	0.0493	0.0501	0.0498	0.0495	0.0498	0.0492	0.0492	0.0495	0.0503	0.0492	0.0491		
		0.0482	0.0499	0.0503	0.0494	0.0492	0.0495	0.0495	0.0492	0.0491	0.0495	0.0515	0.0494		
		0.0468	0.0495	0.0492	0.049	0.0491	0.0501	0.0494	0.0491	0.0506	0.0496	0.0494	0.0488		
		
36:00	37.00	1.3424	1.34	1.3349	0.7306	0.727	0.7098	0.3806	0.392	0.3839	0.2267	0.227	0.2255		
		0.4928	0.4145	0.4231	0.1954	0.2076	0.2039	0.2153	0.2081	0.2176	0.222	0.2147	0.2089		
		0.4397	0.4242	0.4284	0.2171	0.2169	0.2287	0.2275	0.2275	0.2222	0.2534	0.259	0.2413		
		0.4675	0.4537	0.4597	0.2164	0.2255	0.221	0.2309	0.2398	0.2346	0.2622	0.2628	0.256		
		0.2791	0.2724	0.2731	0.1856	0.1815	0.1861	0.172	0.173	0.1728	0.1659	0.1636	0.1636		
		0.0484	0.0492	0.0502	0.0498	0.0495	0.0497	0.0492	0.0492	0.0494	0.0503	0.0492	0.0491		
		0.0482	0.0499	0.0503	0.0494	0.0493	0.0495	0.0495	0.0492	0.0491	0.0495	0.0515	0.0495		
		0.0468	0.0495	0.0492	0.049	0.0491	0.0501	0.0494	0.0491	0.0506	0.0496	0.0493	0.0488		
		
38:00	37.00	1.343	1.3396	1.3343	0.7356	0.7311	0.7144	0.3826	0.3941	0.3857	0.2275	0.2282	0.2264		
		0.5027	0.4228	0.4326	0.199	0.2117	0.2084	0.2206	0.2127	0.2237	0.2269	0.2198	0.2128		
		0.4462	0.4331	0.4371	0.2165	0.2213	0.2314	0.2322	0.23	0.2243	0.2622	0.2633	0.2437		
		0.4762	0.4585	0.4674	0.2196	0.2295	0.2227	0.2346	0.2436	0.2378	0.2654	0.2665	0.2604		
		0.2813	0.2762	0.282	0.1863	0.1824	0.1863	0.1727	0.1742	0.1756	0.1673	0.1646	0.1649		
		0.0484	0.0492	0.0502	0.0498	0.0494	0.0498	0.0492	0.0492	0.0494	0.0503	0.0492	0.0491		
		0.0482	0.0499	0.0503	0.0494	0.0493	0.0495	0.0495	0.0492	0.0491	0.0495	0.0514	0.0495		
		0.0468	0.0495	0.0492	0.049	0.049	0.0501	0.0493	0.0491	0.0506	0.0496	0.0494	0.0488		
		
40:00	37.00	1.3426	1.3397	1.3343	0.7398	0.7359	0.7182	0.3847	0.397	0.388	0.2292	0.2293	0.228		
		0.5112	0.4314	0.4415	0.2034	0.2156	0.2099	0.2245	0.2176	0.2287	0.232	0.2245	0.2187		
		0.4546	0.4395	0.4446	0.2188	0.2228	0.2341	0.2347	0.2338	0.2271	0.2688	0.2682	0.2462		
		0.4847	0.4705	0.4755	0.2221	0.2323	0.2248	0.2386	0.2464	0.2413	0.2706	0.2714	0.2633		
		0.285	0.2789	0.283	0.1892	0.1838	0.187	0.1742	0.1749	0.1766	0.1693	0.166	0.1652		
		0.0483	0.0493	0.0501	0.0497	0.0495	0.0498	0.0492	0.0492	0.0494	0.0503	0.0492	0.0491		
		0.0482	0.0499	0.0503	0.0494	0.0492	0.0495	0.0495	0.0492	0.0491	0.0495	0.0513	0.0495		
		0.0468	0.0494	0.0492	0.049	0.049	0.05	0.0493	0.0491	0.0505	0.0496	0.0494	0.0488		
		
42:00	37.00	1.3423	1.3399	1.3345	0.7434	0.7393	0.7218	0.3868	0.3981	0.3902	0.2297	0.2306	0.229		
		0.5205	0.4399	0.4504	0.2068	0.2199	0.2133	0.2294	0.2223	0.2335	0.2379	0.2302	0.223		
		0.4625	0.4494	0.452	0.2183	0.2226	0.2371	0.2386	0.2372	0.2308	0.2729	0.2739	0.2524		
		0.4918	0.4803	0.4844	0.225	0.233	0.2286	0.2417	0.2492	0.2451	0.2743	0.2751	0.2697		
		0.2879	0.2863	0.2832	0.1894	0.1863	0.1882	0.1763	0.1769	0.1789	0.17	0.1672	0.1661		
		0.0484	0.0493	0.0501	0.0498	0.0495	0.0498	0.0492	0.0492	0.0494	0.0503	0.0492	0.0491		
		0.0482	0.0499	0.0503	0.0494	0.0492	0.0495	0.0495	0.0492	0.0492	0.0495	0.0515	0.0495		
		0.0468	0.0495	0.0492	0.049	0.0491	0.0501	0.0494	0.0491	0.0506	0.0496	0.0494	0.0489		
		
44:00	37.00	1.3422	1.3396	1.3347	0.7476	0.7427	0.7257	0.3888	0.4004	0.3918	0.2311	0.232	0.2299		
		0.5304	0.4484	0.4581	0.2107	0.2236	0.2161	0.2345	0.2274	0.2389	0.2428	0.235	0.2277		
		0.4669	0.4533	0.4602	0.2214	0.2231	0.2408	0.2397	0.2421	0.2335	0.2767	0.2781	0.2525		
		0.4999	0.4895	0.4912	0.2273	0.2336	0.2308	0.2456	0.2532	0.2485	0.2789	0.2796	0.2714		
		0.2934	0.2919	0.2851	0.1911	0.1876	0.1897	0.1777	0.1779	0.1805	0.1718	0.1676	0.167		
		0.0484	0.0493	0.0501	0.0497	0.0495	0.0498	0.0492	0.0492	0.0494	0.0503	0.0492	0.049		
		0.0482	0.0499	0.0503	0.0494	0.0492	0.0495	0.0495	0.0492	0.0491	0.0495	0.0515	0.0494		
		0.0468	0.0495	0.0492	0.049	0.049	0.0501	0.0494	0.0492	0.0506	0.0496	0.0493	0.0488		
		
46:00	37.00	1.3414	1.3402	1.3338	0.751	0.7465	0.7286	0.3904	0.402	0.3936	0.2323	0.2331	0.2307		
		0.5393	0.4562	0.4676	0.2138	0.2285	0.2207	0.24	0.232	0.2434	0.2487	0.2392	0.2319		
		0.4786	0.4651	0.4677	0.2217	0.2239	0.2433	0.244	0.2446	0.2354	0.2811	0.2807	0.2574		
		0.507	0.4991	0.4996	0.2301	0.236	0.2332	0.2488	0.2562	0.2521	0.2818	0.2841	0.2752		
		0.2943	0.2904	0.2877	0.1929	0.1891	0.1908	0.1796	0.1798	0.1821	0.1735	0.1698	0.168		
		0.0484	0.0492	0.0501	0.0498	0.0495	0.0498	0.0492	0.0492	0.0495	0.0503	0.0492	0.0491		
		0.0482	0.0499	0.0503	0.0494	0.0492	0.0495	0.0495	0.0492	0.0491	0.0495	0.0515	0.0494		
		0.0468	0.0495	0.0492	0.049	0.049	0.0501	0.0494	0.0491	0.0506	0.0496	0.0494	0.0488		
		
48:00	37.00	1.3419	1.3398	1.3346	0.7546	0.7489	0.7319	0.3921	0.4034	0.395	0.2327	0.2333	0.2322		
		0.5488	0.4652	0.4755	0.2182	0.2353	0.224	0.2444	0.2372	0.2491	0.2528	0.244	0.2368		
		0.4891	0.4713	0.4762	0.2235	0.2247	0.2465	0.2468	0.2486	0.2394	0.2828	0.2855	0.2617		
		0.5156	0.5017	0.506	0.2329	0.2377	0.2367	0.2525	0.259	0.2561	0.2861	0.2874	0.2803		
		0.2917	0.2911	0.2897	0.1947	0.1902	0.1921	0.1803	0.1809	0.1832	0.1742	0.1699	0.1697		
		0.0484	0.0493	0.0501	0.0498	0.0495	0.0498	0.0492	0.0492	0.0494	0.0503	0.0492	0.0491		
		0.0482	0.05	0.0503	0.0494	0.0492	0.0495	0.0495	0.0492	0.0492	0.0495	0.0515	0.0495		
		0.0468	0.0495	0.0492	0.049	0.0491	0.0501	0.0494	0.0491	0.0506	0.0496	0.0493	0.0488		
		
50:00	37.00	1.3416	1.3401	1.3342	0.757	0.7526	0.7349	0.3937	0.4055	0.3971	0.2337	0.2347	0.2333		
		0.5583	0.4726	0.4851	0.2216	0.2377	0.2282	0.2495	0.2416	0.2549	0.258	0.2496	0.2425		
		0.491	0.4809	0.4841	0.2264	0.2269	0.2482	0.2504	0.2526	0.2413	0.2887	0.2899	0.2644		
		0.524	0.5083	0.5143	0.2361	0.2399	0.2393	0.2559	0.2624	0.2594	0.2893	0.2911	0.2833		
		0.2919	0.2933	0.2922	0.1959	0.1923	0.1934	0.1821	0.1822	0.1848	0.1754	0.1718	0.1697		
		0.0484	0.0493	0.0501	0.0498	0.0495	0.0498	0.0492	0.0492	0.0494	0.0503	0.0492	0.0491		
		0.0482	0.05	0.0503	0.0494	0.0492	0.0495	0.0495	0.0492	0.0492	0.0495	0.0515	0.0495		
		0.0468	0.0494	0.0492	0.049	0.049	0.05	0.0494	0.0491	0.0506	0.0496	0.0493	0.0488		
		
52:00	37.00	1.3423	1.3397	1.3347	0.7595	0.7549	0.7376	0.3947	0.4066	0.3985	0.2345	0.2351	0.2335		
		0.5683	0.4813	0.493	0.2252	0.2412	0.2322	0.2537	0.2463	0.2599	0.2634	0.254	0.2463		
		0.4932	0.4848	0.4907	0.2272	0.2281	0.2575	0.2536	0.257	0.2453	0.2918	0.2923	0.2677		
		0.5318	0.5204	0.5202	0.2388	0.2425	0.2416	0.2589	0.2652	0.2639	0.2935	0.2962	0.287		
		0.2935	0.2951	0.2936	0.1978	0.1938	0.1951	0.1842	0.1837	0.1863	0.1769	0.1736	0.1711		
		0.0484	0.0493	0.0501	0.0498	0.0495	0.0498	0.0492	0.0492	0.0494	0.0503	0.0492	0.0491		
		0.0482	0.0499	0.0503	0.0494	0.0492	0.0495	0.0495	0.0492	0.0491	0.0495	0.0515	0.0495		
		0.0468	0.0495	0.0492	0.049	0.0491	0.0501	0.0494	0.0492	0.0506	0.0496	0.0494	0.0488		
		
54:00	37.00	1.3411	1.3395	1.3338	0.762	0.7578	0.7396	0.3959	0.4077	0.3998	0.2352	0.2362	0.2341		
		0.5769	0.4897	0.5018	0.2289	0.2454	0.2364	0.259	0.2512	0.2651	0.2686	0.2591	0.251		
		0.4909	0.4942	0.4981	0.2274	0.2316	0.2693	0.2565	0.26	0.2486	0.2965	0.298	0.2703		
		0.5397	0.5326	0.5281	0.2416	0.2458	0.2449	0.2626	0.2695	0.2667	0.2976	0.3	0.2919		
		0.2961	0.2982	0.2955	0.1992	0.1951	0.1967	0.1841	0.1849	0.188	0.1788	0.1745	0.1719		
		0.0484	0.0493	0.0502	0.0498	0.0495	0.0498	0.0492	0.0492	0.0494	0.0502	0.0492	0.0491		
		0.0482	0.05	0.0503	0.0494	0.0493	0.0495	0.0495	0.0492	0.0492	0.0495	0.0515	0.0494		
		0.0468	0.0495	0.0492	0.049	0.0491	0.0501	0.0494	0.0491	0.0506	0.0496	0.0493	0.0489		
		
56:00	37.00	1.341	1.339	1.3337	0.7643	0.76	0.7424	0.3975	0.4091	0.401	0.2358	0.2365	0.2353		
		0.5865	0.4986	0.5091	0.2322	0.2502	0.2405	0.2634	0.2558	0.2705	0.2731	0.2638	0.2557		
		0.4933	0.4982	0.5056	0.2302	0.2308	0.2588	0.2599	0.263	0.2498	0.2976	0.2971	0.2725		
		0.5474	0.5298	0.5348	0.2443	0.2481	0.2478	0.2656	0.2731	0.2705	0.3008	0.304	0.2951		
		0.2982	0.3026	0.2979	0.2015	0.1975	0.1982	0.1864	0.187	0.1888	0.1793	0.1748	0.1729		
		0.0484	0.0492	0.0501	0.0498	0.0495	0.0498	0.0492	0.0492	0.0494	0.0503	0.0492	0.049		
		0.0483	0.05	0.0503	0.0495	0.0493	0.0496	0.0495	0.0492	0.0492	0.0496	0.0518	0.0494		
		0.0468	0.0495	0.0492	0.049	0.049	0.0501	0.0494	0.0491	0.0507	0.0496	0.0494	0.0488		
		
58:00	37.00	1.3413	1.3385	1.3337	0.767	0.7623	0.7442	0.399	0.4105	0.4024	0.2366	0.2374	0.2362		
		0.5967	0.5069	0.519	0.2361	0.2546	0.244	0.2684	0.2602	0.2755	0.2785	0.2694	0.2609		
		0.5001	0.508	0.5127	0.2324	0.2339	0.257	0.2641	0.2666	0.2556	0.3035	0.3042	0.2725		
		0.5563	0.5299	0.5446	0.248	0.2507	0.2499	0.2699	0.2762	0.2745	0.3061	0.3095	0.2993		
		0.3008	0.3047	0.3009	0.2029	0.1984	0.2	0.188	0.1886	0.191	0.1808	0.1767	0.1743		
		0.0484	0.0493	0.0502	0.0498	0.0495	0.0498	0.0492	0.0492	0.0495	0.0503	0.0492	0.0491		
		0.0482	0.0499	0.0503	0.0494	0.0493	0.0495	0.0495	0.0492	0.0491	0.0495	0.0515	0.0495		
		0.0468	0.0495	0.0492	0.049	0.049	0.0501	0.0494	0.0491	0.0505	0.0496	0.0493	0.0488		
		
1:00:00	37.00	1.3411	1.3387	1.3335	0.769	0.7646	0.7463	0.3997	0.4116	0.4034	0.2373	0.2388	0.2363		
		0.6067	0.5138	0.5258	0.2397	0.2592	0.2482	0.2729	0.2657	0.2811	0.2841	0.2732	0.2654		
		0.5067	0.5169	0.5199	0.2353	0.2385	0.2587	0.2663	0.2696	0.2585	0.3074	0.3098	0.2755		
		0.5628	0.5323	0.5513	0.251	0.2541	0.253	0.2721	0.2787	0.277	0.3098	0.3129	0.3018		
		0.3033	0.3065	0.3031	0.2047	0.2001	0.2015	0.1886	0.1904	0.1926	0.1827	0.1773	0.1749		
		0.0484	0.0493	0.0502	0.0498	0.0495	0.0498	0.0492	0.0492	0.0494	0.0502	0.0492	0.0491		
		0.0482	0.0499	0.0503	0.0494	0.0492	0.0495	0.0495	0.0492	0.0491	0.0495	0.0513	0.0494		
		0.0468	0.0495	0.0492	0.049	0.049	0.0501	0.0494	0.0491	0.0506	0.0496	0.0493	0.0488		
		
~End
